(
15284448989
18787720016
18787720371
13988485120
18787719692
18787748152
18787720234
18787720252
18787719734
15911770417
18787719934
18787719978
18787719709
18787720424
13170663087
18787719977
18787719782
15825149927
15808773985
18787719938
15808662617
18287732993
18787720163
18787720425
18687375438
18787720414
13087431531
15911722894
13887728431
15608773867
13087431311
18787719930
13150523518
15108776626
13013377720
13887798934
18787753486
18887750417
18787746065
13150511474
18787720028
18987546166
13988497027
18787712978
18787720029
18787719935
18214134027
15108797929
13099894789
15687736752
18787720417
15912757524
18787720422
15687716992
18787748488
18787720035
18787720011
18787719991
18787719866
18669143660
18787720221
18787719804
15687743826
18787754481
18787721775
18687751523
18787720404
18287785826
13170658753
13038653223
18608779915
13577783127
13150526401
18787719931
18787721772
18608777161
)